12
0.555000 0.573402
0.597119 0.613970
0.653639 0.633066
0.726958 0.636558
0.799717 0.617251
0.843997 0.576001
0.844997 0.516403
0.807198 0.463229
0.749148 0.434695
0.664799 0.430408
0.595799 0.460381
0.556000 0.514004
12
0.440000 0.572402
0.398881 0.614970
0.341361 0.634066
0.268042 0.636558
0.195283 0.617251
0.151003 0.572001
0.149003 0.512403
0.186802 0.464229
0.245852 0.435695
0.326201 0.432408
0.395201 0.460381
0.435000 0.514004
8
0.077003 0.538000
0.101003 0.564999
0.311003 0.560999
0.445000 0.576999
0.548000 0.576999
0.688997 0.562999
0.895995 0.561999
0.930995 0.528000
16
0.550293 0.537598 0.555176
0.552734 0.522949 0.567871
0.561523 0.500488 0.584961
0.575195 0.479980 0.598633
0.593750 0.461426 0.611816
0.616699 0.446777 0.623535
0.642578 0.435547 0.630859
0.670410 0.429199 0.635254
0.699707 0.428223 0.637207
0.729004 0.430664 0.636230
0.756836 0.436523 0.631348
0.782715 0.446289 0.624023
0.805664 0.461914 0.613770
0.824219 0.480469 0.600586
0.837891 0.500488 0.585938
0.846680 0.521973 0.568359
0.849609 0.543945 0.547852
0.442871 0.547363 0.557617
0.439941 0.529297 0.572266
0.431152 0.505371 0.587402
0.417480 0.482910 0.601074
0.398926 0.463379 0.614746
0.376465 0.448730 0.625488
0.350586 0.437988 0.632324
0.322754 0.431641 0.636230
0.293457 0.430176 0.637695
0.264160 0.432129 0.635742
0.236328 0.437988 0.631348
0.210449 0.448242 0.624023
0.187988 0.462891 0.612793
0.169434 0.479492 0.598145
0.155762 0.497070 0.581543
0.146973 0.517578 0.561035
0.144531 0.533691 0.545410
